0,4,2,0,さて、まずは基本のおさらいをしておこうかの。,　,　,0,0,0;
1,3,1,0,紙に青いラインが見えるな？,　,　,0,0,0;
2,2,0,1,それが鋏線（カッターライン）、,そのライン内でナイフを動かすのじゃ,　,0,0,0;
3,3,1,1,（ナイフはマウス、またはマウスボールを,移動させることで連動して移動します）,　,0,0,0;
2,4,2,0,おおっと！　その赤いラインは切るなよ？,　,　,0,0,0;
1,3,1,0,ナイフを上げて避けるのじゃ,　,　,0,0,0;
2,2,0,1,（ナイフを上げるには,マウスの”左ボタン”を押し続けます）,　,0,0,0;
3,3,1,1,うむ、目の前のマーカーが見えるな。,あれを上手く切れるのが良い職人じゃ,　,0,0,0;
2,4,2,1,マーカーがあったら、,真ん中を切り抜ける感じじゃぞ,　,0,0,0;
1,3,1,1,（マーカーを切ることで集中ゲージが上昇します）,　,　,0,0,0;
0,2,0,1,マーカーは連続できるとコンボとなって、,とっても素敵じゃ！,　,0,0,0;
1,3,1,1,切るのが難しそうな場面は,集中してしっかり切るのじゃ！,　,0,0,0;
2,4,2,1,（”右ボタン”,ホールド中はゲージを消費して進行速度を緩やかに出来ます,）,0,0,0;
3,3,1,1,集中力が極限に達した時、,職人は己の美学を切り紙に叩きつけるのじゃ！,　,0,0,0;
2,2,0,1,（ゲージが満タンになると,オートでボムが発動し、模様を飾り付けます）,　,0,0,0;
1,3,1,1,うむ、それではいよいよ依頼じゃな！,気合を入れて　ゴー！　じゃ！！,　,0,0,0;