LineWidth;
2;
LinePoint;
-0.5,-0.05,0;
-0.5,-0.65574,0;
-0.47541,-0.68852,0;
-0.44262,-0.7,0;
-0.329915,-0.7,1;
-0.21721,-0.7,0;
-0.104505,-0.7,1;
0.008199997,-0.7,0;
0.120905,-0.7,1;
0.23361,-0.7,0;
0.346315,-0.7,1;
0.45902,-0.7,0;
0.48735,-0.68287,0;
0.5,-0.63934,0;
0.5,-0.04918,0;
0.51889,-0.022,0;
0.5376,0,0;
0.7,0,0;
0.86885,0,0;
0.8958,0.02203,0;
0.87985,0.06556,0;
0.439925,0.43278,0;
0,0.8,0;
-0.1086062,0.7046775,1;
-0.1629093,0.6570162,0;
-0.3258187,0.5140325,1;
-0.3801218,0.46627,0;
-0.5430312,0.3233875,1;
-0.5973343,0.2757263,0;
-0.7602437,0.1327425,1;
-0.8145469,0.08508124,0;
-0.86885,0.03742,0;
-0.89014,0.01634,0;
-0.86885,0,0;
-0.7864219,0,0;
-0.7091455,0,1;
-0.6318691,0,0;
-0.5545928,0,0;
-0.4773164,0,1;
-0.40004,0,0;
-0.3227637,0,0;
-0.2454873,0,1;
-0.1682109,0,0;
-0.09093451,0,1;
-0.01365814,0,0;
0.06361824,0,1;
0.1408946,0,0;
0.218171,0,1;
0.2954473,0,0;
0.3727236,0,0;
0.45,0,0;
Marker;
0;
2;
0.5,-0.5;
0.7623,0.5;
2;
1;
0.5,0.75;
3;
2;
0.37705,-0.55738;
0.75,0.59016;
5;
2;
0.31148,0.44262;
0.75,-1;
7;
2;
0.5,-0.5082;
0.75,0.62295;
9;
2;
0.5,0.52459;
0.75,1;
13;
20;
0.15574,0.16393;
0.19672,0.34426;
0.22131,0.57377;
0.2459,0.83607;
0.31967,-0.13115;
0.35246,-0.31148;
0.36885,-0.4918;
0.38525,-0.77049;
0.45082,0.22951;
0.48361,0.40984;
0.5082,0.68852;
0.53279,0.96721;
0.55738,-0.14754;
0.59016,-0.37705;
0.60656,-0.57377;
0.62069,-0.81967;
0.67213,0;
0.72131,0.16393;
0.7459,0.44262;
0.77869,0.80328;
14;
1;
0.5,-0.52459;
15;
1;
0.5,0;
16;
5;
0.22951,1;
0.43443,-1;
0.63934,1;
0.84426,-1;
1,1;
17;
5;
0.15574,-1;
0.20492,1;
0.27869,1;
0.51639,-1;
0.61475,-1;
20;
18;
0.1,0;
0.15,0.25;
0.2,0.5;
0.25,0.75;
0.3,0.5;
0.35,0.25;
0.4,-0.25;
0.45,-0.5;
0.5,0;
0.55,1;
0.6,-1;
0.65,-0.25;
0.7,0.75;
0.75,0.25;
0.8,-0.25;
0.85,-0.75;
0.9,0;
0.95,0.25;
21;
21;
0,0;
0.05,-0.5;
0.1,-0.5;
0.15,-0.5;
0.2,0.25;
0.25,0.25;
0.3,0.25;
0.35,-1;
0.4,-0.75;
0.45,-1;
0.5,1;
0.55,0.5;
0.6,1;
0.65,0.75;
0.7,0.5;
0.75,0.25;
0.8,0;
0.85,-0.25;
0.9,-0.5;
0.95,-0.75;
1,-1;
22;
2;
0.25,0;
0.75,0;
24;
4;
0.3,0.5082;
0.5,-0.47541;
0.7,0.57377;
0.9,-0.52459;
26;
6;
0.2,-0.5;
0.3,-0.5;
0.4,-0.5;
0.7,0;
0.8,0.01639;
0.9,0;
28;
8;
0.2,0.5;
0.3,0.5;
0.4,-0.5;
0.5,-0.5;
0.6,1;
0.7,1;
0.8,0;
0.9,0;
34;
1;
0.5,0;
36;
1;
0.5,0;
37;
1;
0.5,0;
39;
1;
0.5,0;
40;
1;
0.5,0;
42;
1;
0.5,0;
44;
1;
0.5,0;
45;
1;
0.5,0;
46;
1;
0.5,0;
EOF;
