LineWidth;
4;
LinePoint;
-0.9,0.4,0;
-0.9,0.875,0;
-0.89255,0.89,0;
-0.875,0.9,0;
-0.6,0.9,0;
-0.546875,0.9,1;
-0.49183,0.9,0;
-0.109375,0.9,1;
-0.01639,0.9,0;
0.3007813,0.9,1;
0.546875,0.9,0;
0.875,0.9,0;
0.89,0.89135,0;
0.9,0.875,0;
0.9,0.4,0;
0.9,0,0;
0.9,-0.775,0;
0.893,-0.79055,0;
0.875,-0.8,0;
0,-0.8,1;
-0.05,-0.8,0;
-0.8,-0.8,0;
-0.81,-0.8,0;
Marker;
14;
7;
0.15,0;
0.4,0;
0.5,0;
0.6,0;
0.7,0;
0.8,0;
0.9,0;
15;
19;
0,0;
0.05,0;
0.1,0;
0.15,0;
0.2,0;
0.25,0;
0.3,0;
0.35,0;
0.4,0;
0.45,0;
0.5,0;
0.55,0;
0.6,0;
0.65,0;
0.7,0;
0.75,0;
0.8,0;
0.85,0;
0.9,0;
18;
8;
0.2,-0.5;
0.3,0.5;
0.4,-0.5;
0.5,0.5;
0.6,-0.5;
0.7,0.5;
0.8,-0.5;
0.9,0.5;
20;
9;
0.2,-0.5;
0.25,-0.5;
0.3,-0.5;
0.4,0;
0.45,0;
0.5,0;
0.6,0.5;
0.65,0.5;
0.7,0.5;
StopPoint;
0;
4;
14;
18;
20;
21;
EOF;
