LineWidth;
3;
LinePoint;
0.5,-0.25,0;
0.55,-0.775,0;
0.5375,-0.7875,0;
0.525,-0.8,0;
0.2375,-0.8,1;
0.18033,-0.8,0;
-0.25,-0.8,1;
-0.3,-0.8,0;
-0.525,-0.8,0;
-0.5375,-0.7875,0;
-0.55,-0.775,0;
-0.5,-0.225,0;
-0.4875,-0.2125,0;
-0.475,-0.2,0;
-0.4,-0.2,1;
-0.35,-0.2,0;
-0.2,-0.2,1;
-0.1625,-0.2,0;
0,-0.2,1;
0.1,-0.2,0;
0.35,-0.2,1;
0.4,-0.2,0;
0.475,-0.2,0;
0.4875,-0.18125,0;
0.5,-0.15,0;
0.4875,-0.125,0;
0.475,-0.1,0;
0.3,-0.1,0;
0.1,-0.1,0;
-0.1,-0.1,0;
-0.3,-0.1,0;
-0.475,-0.1,0;
-0.4875,-0.0875,0;
-0.5,-0.075,0;
-0.5,0.3,0;
-0.5,0.65,0;
-0.5,0.875,0;
-0.4875,0.8875,0;
-0.475,0.9,0;
-0.375,0.9,0;
-0.2,0.9,1;
-0.15,0.9,0;
0,0.9,1;
0.05,0.9,0;
0.2,0.9,1;
0.25,0.9,0;
0.4,0.9,0;
0.475,0.9,0;
0.4875,0.8875,0;
0.5,0.875,0;
0.5,0.25,1;
0.5,0.2,0;
0.5,0.01,0;
Marker;
0;
5;
0.5,0;
0.6,0;
0.7,0;
0.8,0;
0.9,0;
5;
2;
0.15,0;
0.25,0;
7;
3;
0.25,-0.5;
0.5,-0.5;
0.75,-0.5;
10;
9;
0.3,1;
0.35,1;
0.4,1;
0.5,-1;
0.55,-1;
0.6,-1;
0.7,1;
0.75,1;
0.8,1;
19;
9;
0.1,0;
0.2,0;
0.3,0;
0.4,0;
0.5,0;
0.6,0;
0.7,0;
0.8,0;
0.9,0;
26;
3;
0.6,0.5;
0.7,0.5;
0.8,0.5;
27;
3;
0.6,-0.5;
0.7,-0.5;
0.8,-0.5;
28;
3;
0.6,0.5;
0.7,0.5;
0.8,0.5;
29;
3;
0.5,-0.5;
0.75,-0.5;
1,-0.5;
30;
3;
0.5,0.5;
0.75,0.5;
1,0.5;
33;
8;
0.3,0.5;
0.4,0.5;
0.5,0.5;
0.6,0;
0.7,0;
0.8,0;
0.9,-0.5;
1,-0.5;
34;
4;
0.15,-0.5;
0.4,0.7;
0.5,0.7;
0.6,0.7;
39;
3;
0.25,0.3;
0.5,0;
0.75,-0.6;
41;
1;
0.60656,-0.39344;
43;
1;
0.5,0.5;
45;
1;
0.5,0;
49;
14;
0.25,0;
0.3,0;
0.35,0;
0.4,0;
0.45,0.2;
0.5,-0.3;
0.55,0.4;
0.6,-0.45;
0.65,0.5;
0.7,-0.55;
0.75,0.6;
0.8,-0.65;
0.85,0.7;
0.9,-0.75;
51;
8;
0.3,0;
0.4,0;
0.5,0;
0.6,0;
0.7,0;
0.8,0;
0.9,0;
1,0;
EOF;
