LineWidth;
2;
LinePoint;
-0.5,0.05,0;
-0.5,0.25,0;
-0.5,0.45,0;
-0.485,0.485,0;
-0.45,0.5,1;
-0.421875,0.5,0;
-0.39375,0.5,0;
-0.365625,0.5,0;
-0.3375,0.5,0;
-0.309375,0.5,0;
-0.28125,0.5,1;
-0.253125,0.5,0;
-0.225,0.5,0;
-0.196875,0.5,0;
-0.16875,0.5,1;
-0.140625,0.5,0;
-0.1125,0.5,0;
-0.084375,0.5,1;
-0.05625,0.5,0;
-0.028125,0.5,0;
0,0.5,0;
0.028125,0.5,0;
0.05625,0.5,0;
0.084375,0.5,1;
0.1125,0.5,0;
0.140625,0.5,0;
0.16875,0.5,0;
0.196875,0.5,0;
0.225,0.5,1;
0.253125,0.5,0;
0.28125,0.5,0;
0.309375,0.5,0;
0.3375,0.5,0;
0.365625,0.5,1;
0.39375,0.5,0;
0.421875,0.5,0;
0.45,0.5,0;
0.485,0.485,0;
0.5,0.45,0;
0.5,0.4,0;
0.5,0.35,0;
0.5,0.3,0;
0.5,0.25,0;
0.5,0.2,0;
0.5,0.15,0;
0.5,0.1,0;
0.5,0.05,0;
0.515,0.015,0;
0.55,0,0;
0.60625,0,0;
0.6625,0,1;
0.71875,0,0;
0.775,0,0;
0.8,-0.05,0;
0.7875,-0.1,1;
0.775,-0.15,0;
0.7625,-0.2,0;
0.75,-0.25,1;
0.7125,-0.3125,0;
0.675,-0.375,0;
0.6375,-0.4375,1;
0.6,-0.5,0;
0.55,-0.55,0;
0.5,-0.6,1;
0.4375,-0.6375,0;
0.375,-0.675,0;
0.3125,-0.7125,1;
0.25,-0.75,0;
0.1875,-0.7625,0;
0.125,-0.775,1;
0.0625,-0.7875,0;
0,-0.8,0;
-0.03125,-0.79375,1;
-0.0625,-0.7875,0;
-0.09375,-0.78125,0;
-0.125,-0.775,0;
-0.15625,-0.76875,0;
-0.1875,-0.7625,0;
-0.25,-0.75,0;
-0.3125,-0.7125,0;
-0.375,-0.675,1;
-0.40625,-0.65625,0;
-0.4375,-0.6375,0;
-0.46875,-0.61875,0;
-0.5,-0.6,0;
-0.55,-0.55,0;
-0.6,-0.5,0;
-0.6375,-0.4375,0;
-0.675,-0.375,0;
-0.7125,-0.3125,1;
-0.73125,-0.28125,0;
-0.775,-0.15,0;
-0.8,-0.05,0;
-0.775,0,0;
-0.46875,0,0;
-0.1625,0,0;
-0.0859375,0,1;
0.0671875,0,0;
0.14375,0,0;
0.45,0,0;
0.45,0,0;
Marker;
1;
4;
0.25,-0.5;
0.5,-0.5;
0.75,-0.5;
1,0;
2;
1;
0.5,0.5;
3;
1;
0.5,0.5;
6;
1;
0.5,0.5;
7;
1;
0.5,0.25;
8;
1;
0.5,0;
9;
1;
0.5,0;
12;
1;
0.5,0;
13;
1;
0.5,0;
16;
1;
0.5,0;
19;
1;
0.5,0;
20;
1;
0.5,0;
21;
1;
0.5,0;
22;
1;
0.5,0;
25;
1;
0.5,0;
26;
1;
0.5,0;
27;
1;
0.5,0;
30;
1;
0.5,0;
31;
1;
0.5,0;
32;
1;
0.5,0;
35;
1;
0.5,0.25;
36;
1;
0.5,0.5;
37;
1;
0.5,0.5;
38;
2;
0.25,0.4;
0.625,0.3;
39;
3;
0,0.2;
0.25,0.1;
0.625,0;
40;
4;
0,-0.2;
0.25,-0.4;
0.5,-0.6;
0.75,-0.8;
41;
3;
0.5,0;
0.75,0;
1,0.1;
42;
4;
0.25,0.2;
0.5,0.3;
0.75,0.5;
1,0.7;
43;
3;
0.25,1;
0.75,0;
1,0;
44;
4;
0.25,-0.1;
0.5,-0.2;
0.75,-0.3;
1,-0.4;
45;
3;
0.25,-0.6;
0.5,-0.8;
0.75,-1;
46;
1;
0.5,1;
47;
1;
0.5,0.8;
48;
5;
0,0.6;
0.25,0.4;
0.5,0.3;
0.75,0.2;
1,0;
49;
2;
0.25,0;
0.625,0;
56;
1;
0.5,0;
59;
2;
0,-0.5;
0.5,-0.5;
61;
1;
0.75,0.5;
62;
1;
0.5,0.5;
64;
2;
0.5,0;
1,0;
65;
1;
0.5,0;
67;
1;
0.5,0;
71;
1;
0.5,-0.7;
74;
1;
0.5,-0.6;
75;
1;
0.5,-0.5;
76;
1;
1,-0.4;
77;
2;
0.5,-0.3;
1,-0.2;
78;
2;
0.5,-0.1;
1,0;
79;
1;
0.5,0.1;
82;
1;
1,0.2;
84;
2;
0.5,0.3;
1,0.4;
85;
2;
0.5,0.5;
1,0.6;
86;
2;
0.5,0.7;
1,0.8;
87;
2;
0.5,0.9;
1,1;
88;
1;
0.5,0.9;
93;
19;
0.1,0;
0.15,0;
0.2,0;
0.25,-0.13115;
0.3,-0.29508;
0.35,-0.44262;
0.4,-0.57377;
0.45,-0.72131;
0.5,-0.88525;
0.55,-0.55738;
0.6,-0.19672;
0.65,0.21311;
0.7,0.4918;
0.75,0.80328;
0.8,1;
0.85,0.86885;
0.9,0.83607;
0.95,0.77049;
1,0.63934;
94;
16;
0.05,0.42623;
0.1,0.18033;
0.15,-0.13115;
0.2,-0.59016;
0.25,-0.90164;
0.4,-1;
0.45,-0.98361;
0.5,-0.86885;
0.55,-0.63934;
0.6,-0.37705;
0.65,-0.01639;
0.7,0.31148;
0.75,0.67213;
0.8,1;
0.9,-1;
1,1;
95;
1;
0.5,-1;
98;
18;
0.05,-0.5;
0.1,-0.5;
0.15,-0.5;
0.2,-0.5;
0.25,-0.5;
0.3,-0.5;
0.35,0;
0.4,0;
0.45,0;
0.5,0;
0.55,0;
0.6,0;
0.65,0.5;
0.7,0.5;
0.75,0.5;
0.8,0.5;
0.85,0.5;
0.9,0.5;
EOF;
